BNO055 initialized.
240 220 224 223 185 204 275 3584 1530 960 631 192 180 180 43701 63061 
240 220 224 227 185 203 278 3647 1521 956 626 192 179 177 184 189 
244 218 220 225 187 201 277 3616 1527 953 644 197 177 175 183 195 
242 222 224 218 186 205 278 3592 1532 960 631 193 180 179 179 189 
244 225 224 219 185 206 279 3581 1536 962 631 192 180 178 181 189 
244 224 222 220 187 206 268 3584 1538 963 631 192 180 179 179 190 
LEFT:0.32 RIGHT: -0.12
245 224 222 219 187 208 266 3609 1484 961 630 193 181 180 180 190 
LEFT:0.30 RIGHT: -0.10
244 222 226 228 192 226 1453 3711 2048 985 557 191 179 177 186 194 
LEFT:0.08 RIGHT: 0.12
241 221 226 226 197 224 540 3627 1412 452 341 192 180 180 179 190 
LEFT:0.10 RIGHT: 0.10
241 222 227 231 197 224 546 3583 721 288 326 195 178 177 185 189 
LEFT:0.10 RIGHT: 0.10
313 242 244 265 211 230 808 3536 975 336 505 200 179 176 184 195 
LEFT:-0.12 RIGHT: 0.32
1674 1343 1104 1754 278 547 1130 3456 992 592 1288 227 201 190 197 209 
カーブ
1056 535 476 880 224 256 883 3657 1344 733 1122 214 196 186 192 203 
LEFT:-0.50 RIGHT: 0.70
257 230 218 220 184 184 199 3689 572 1791 2034 232 197 191 198 216 
LEFT:0.66 RIGHT: -0.46
241 222 224 216 179 179 190 2848 203 310 2809 2325 2178 1130 1600 2423 
1431 294 228 222 175 170 175 1115 171 181 218 191 175 173 182 187 
LEFT:-2.35 RIGHT: 2.55
242 222 219 214 179 174 170 970 173 182 217 187 176 174 182 184 
240 223 219 217 178 173 177 1215 173 183 222 195 186 179 186 202 
257 227 222 220 180 178 187 1688 212 786 3208 845 203 189 193 196 
LEFT:0.93 RIGHT: -0.72
281 237 226 221 182 183 208 3199 564 1818 1880 213 183 180 189 195 
LEFT:0.52 RIGHT: -0.32
289 331 1253 2876 528 207 183 1128 178 181 212 192 183 179 179 188 
LEFT:-1.43 RIGHT: 1.63
391 689 1804 2832 251 191 178 1080 176 186 217 191 177 176 185 191 
LEFT:-1.25 RIGHT: 1.45
1572 904 271 250 224 266 755 3536 1606 1600 1536 223 197 197 208 209 
LEFT:-0.45 RIGHT: 0.65
911 316 240 238 197 185 186 1952 187 191 419 1000 2415 2770 1792 498 
カーブ
263 232 220 224 186 179 172 1182 176 186 212 190 181 179 192 261 
3008 3013 2288 472 186 173 171 1113 176 179 211 189 179 172 180 192 
カーブ
2876 1794 411 227 177 172 175 893 172 185 203 179 170 169 168 177 
LEFT:-1.87 RIGHT: 2.07
2304 2672 1670 448 185 171 174 1038 176 180 212 187 173 164 171 182 
カーブ
256 229 223 214 180 179 192 2152 233 1964 2687 250 188 180 185 189 
LEFT:0.77 RIGHT: -0.58
224 210 218 216 172 167 172 771 175 182 290 1257 2572 1718 552 316 
カーブ
234 218 221 211 176 174 184 1040 210 913 2943 2232 230 196 183 189 
カーブ
241 224 230 239 218 304 1479 2944 1527 698 392 189 176 176 182 187 
LEFT:-0.18 RIGHT: 0.38
248 231 258 2176 1792 1567 263 3568 193 190 218 188 178 177 176 184 
カーブ
256 227 240 960 887 1868 1430 3593 229 200 222 193 177 174 182 194 
カーブ
253 229 227 226 193 214 544 2254 1996 2051 1473 203 180 178 185 189 
LEFT:0.55 RIGHT: -0.35
245 224 223 219 176 174 188 1167 226 1382 3028 1823 219 191 186 188 
カーブ
241 224 217 216 182 189 210 1216 1084 1784 2448 240 188 179 178 190 
LEFT:0.41 RIGHT: -0.21
239 224 230 255 264 1072 1439 3336 561 259 254 189 177 176 182 186 
LEFT:-0.43 RIGHT: 0.63
244 227 224 264 270 1103 1510 3384 520 257 255 188 176 174 182 191 
LEFT:-0.35 RIGHT: 0.55
251 227 222 214 179 177 187 1326 224 1172 2850 2015 233 198 186 192 
カーブ
244 217 215 215 180 171 171 1064 177 181 222 210 226 418 1950 1857 
LEFT:2.18 RIGHT: -1.99
239 221 221 212 177 174 174 1117 176 194 1331 1849 2096 1279 1072 297 
カーブ
244 230 259 1692 1822 2064 599 3574 202 195 215 188 178 177 177 188 
カーブ
2752 3240 2533 1578 192 179 173 1178 177 181 211 192 181 173 180 192 
カーブ
2052 2352 2351 1932 196 180 175 1047 172 184 214 192 176 173 182 193 
カーブ
323 692 1692 2946 850 208 186 2458 179 181 214 194 181 171 174 184 
カーブ
254 235 282 2175 2185 1893 374 3711 196 190 220 189 177 176 183 187 
カーブ
241 224 228 233 215 259 1104 2550 1442 1345 767 195 179 178 178 189 
LEFT:0.19 RIGHT: 0.01
241 222 222 219 177 175 191 1142 237 1620 2911 2034 236 199 187 187 
カーブ
240 223 221 213 177 176 187 1187 218 1224 2711 2336 307 205 189 194 
カーブ
246 219 222 233 214 252 941 1926 1592 1791 1272 202 182 178 184 191 
LEFT:0.22 RIGHT: -0.02
256 236 274 2070 1586 1516 288 3679 195 189 220 188 177 176 183 187 
カーブ
253 263 1279 2809 1548 306 205 3381 179 187 219 187 176 176 180 181 
カーブ
252 232 249 1255 1546 2088 1748 3635 249 217 234 190 179 178 186 190 
カーブ
312 243 233 334 664 1303 1874 3728 329 236 244 196 185 176 184 196 
LEFT:-0.32 RIGHT: 0.52
1583 877 267 258 233 269 659 3467 1409 1224 1392 232 207 205 216 228 
LEFT:-0.54 RIGHT: 0.74
237 216 220 220 175 170 176 1119 187 241 2896 2287 228 193 185 188 
LEFT:0.99 RIGHT: -0.79
235 219 222 213 175 170 174 944 170 180 220 205 216 309 2196 2351 
LEFT:2.17 RIGHT: -1.97
242 222 215 215 177 172 174 975 171 181 217 190 176 176 195 242 
338 254 284 1729 2107 1593 240 2175 194 190 225 195 185 183 191 197 
カーブ
256 248 758 2515 1359 224 192 1400 181 188 211 191 183 182 188 192 
LEFT:-0.97 RIGHT: 1.17
229 229 777 2911 1039 203 181 848 176 180 213 192 175 171 177 179 
LEFT:-0.95 RIGHT: 1.15
231 227 732 2751 877 208 188 879 172 182 216 187 175 176 181 180 
LEFT:-0.95 RIGHT: 1.15
237 231 731 2683 885 211 187 869 173 185 215 187 176 177 179 180 
LEFT:-0.95 RIGHT: 1.15
256 249 780 2536 1312 224 193 1375 175 184 218 191 180 179 190 191 
LEFT:-0.95 RIGHT: 1.15
1143 891 1036 2512 2755 1677 284 2264 211 199 242 210 198 198 205 201 
230 214 219 221 177 185 222 3735 1294 1664 1076 194 177 175 183 186 
LEFT:0.61 RIGHT: -0.41
232 218 219 212 179 187 215 3696 1422 1911 1160 200 176 173 181 191 
LEFT:0.44 RIGHT: -0.24
231 213 217 219 177 184 227 3648 1719 2074 1170 200 176 173 181 190 
LEFT:0.44 RIGHT: -0.24
