BNO055 initialized.
240 222 224 218 177 174 187 3320 219 2032 2360 236 186 175 43700 62037 
242 221 223 217 179 177 183 3218 224 2051 2399 228 183 178 184 191 
233 216 222 222 182 178 183 3213 225 2074 2337 229 184 178 182 194 
237 221 223 217 179 177 185 3211 223 2055 2368 235 182 177 185 190 
240 222 223 217 180 178 183 3206 224 2051 2401 228 183 177 184 194 
239 223 219 218 180 176 183 3213 224 2064 2368 235 182 177 184 193 
LEFT:0.39 RIGHT: 0.17
236 221 223 216 179 177 187 3186 225 1997 2384 231 181 177 185 190 
LEFT:0.34 RIGHT: 0.22
245 219 220 222 185 177 197 3560 600 2069 1792 210 183 178 186 191 
LEFT:0.34 RIGHT: 0.22
245 224 223 220 182 190 229 3552 1424 1600 1168 199 180 178 185 189 
LEFT:0.32 RIGHT: 0.24
246 227 229 225 193 216 724 3425 1708 558 565 195 182 182 185 191 
LEFT:0.25 RIGHT: 0.31
236 220 229 240 215 271 1673 2648 486 239 247 191 179 177 184 194 
LEFT:0.21 RIGHT: 0.35
233 220 235 321 257 950 924 1663 225 207 231 191 178 176 182 193 
LEFT:0.20 RIGHT: 0.36
238 218 212 748 848 1891 698 1455 212 198 229 195 178 176 184 194 
LEFT:0.15 RIGHT: 0.41
263 247 253 1637 1506 1560 249 3552 198 193 227 190 179 177 183 195 
カーブ
2976 2794 2265 2912 1727 1792 1468 1264 1503 2376 2924 2591 1984 1447 2047 2082 
LEFT:0.37 RIGHT: 0.19
1225 724 866 1573 662 486 223 2500 214 219 293 205 192 189 185 198 
カーブ
235 217 234 565 720 1279 572 2488 219 201 222 192 180 177 184 193 
LEFT:0.30 RIGHT: 0.26
240 216 227 238 214 241 1232 3362 553 256 253 194 181 180 