BNO055 initialized.
233 218 219 212 178 187 228 3588 1718 2112 1151 194 178 176 43702 58709 
239 217 212 213 180 187 230 3583 1714 2090 1175 199 181 173 179 192 
235 219 219 212 179 189 227 3586 1731 2111 1136 195 180 177 177 188 
231 215 219 215 177 186 230 3589 1718 2102 1151 194 178 177 181 186 
234 218 213 213 180 189 223 3584 1736 2095 1148 197 182 173 178 190 
231 216 219 213 178 188 228 3581 1718 2096 1172 198 182 173 177 190 
LEFT:0.47 RIGHT: -0.27
232 217 219 212 178 187 224 3716 1414 1808 1087 193 178 176 182 191 
LEFT:0.44 RIGHT: -0.24
233 216 222 226 198 240 1386 3231 1031 272 268 194 176 174 182 187 
LEFT:-0.15 RIGHT: 0.35
249 222 240 1536 1471 1763 321 1104 198 187 217 191 181 178 179 179 
カーブ
256 226 248 1573 1407 1482 500 1177 205 190 217 194 176 174 179 184 
カーブ
247 224 228 231 199 226 541 3647 828 272 335 195 178 176 185 189 
LEFT:0.19 RIGHT: 0.01
250 219 217 220 184 175 193 2728 247 1309 1980 222 187 176 182 194 
LEFT:0.60 RIGHT: -0.40
234 218 225 223 178 176 200 2519 678 3169 2599 213 177 174 180 184 
LEFT:0.55 RIGHT: -0.35
242 223 219 222 192 207 305 3620 1472 751 545 194 182 177 177 188 
LEFT:0.06 RIGHT: 0.14
236 229 468 2706 1920 255 194 906 179 181 214 192 180 172 176 187 
LEFT:-1.06 RIGHT: 1.26
257 336 1838 2959 254 193 181 1111 173 185 219 188 177 178 179 183 
LEFT:-1.28 RIGHT: 1.48
235 220 223 219 188 210 479 3561 1844 1072 639 193 180 177 177 188 
LEFT:0.45 RIGHT: -0.25
226 213 222 215 173 170 175 869 170 184 225 214 265 1002 2221 2320 
カーブ
236 218 221 218 174 169 173 1024 176 181 209 190 182 183 205 612 
239 214 217 218 178 172 176 1047 177 209 2304 2527 248 196 186 191 
LEFT:0.93 RIGHT: -0.72
239 222 224 215 177 173 171 1106 182 215 2394 2337 238 195 179 190 
LEFT:0.85 RIGHT: -0.65
223 211 231 848 893 1713 1208 832 215 194 222 193 176 175 185 198 
カーブ
1792 485 233 218 177 172 173 1280 175 190 229 195 181 176 183 191 
LEFT:-2.14 RIGHT: 2.34
1554 298 227 216 177 171 170 1200 177 185 232 199 184 173 178 192 
LEFT:-2.00 RIGHT: 2.20
243 231 320 2546 1929 271 202 1818 175 183 220 195 180 180 192 197 
LEFT:-0.85 RIGHT: 1.05
235 214 219 221 178 173 175 973 196 348 2941 1732 210 186 179 188 
LEFT:1.03 RIGHT: -0.83
241 214 216 218 175 168 172 1004 171 179 212 191 181 180 197 257 
233 220 217 211 176 173 175 1029 171 182 212 185 176 174 180 191 
251 224 264 1458 2031 2580 2864 3616 1183 256 264 199 179 174 181 195 
カーブ
1925 1922 1953 2624 1487 504 236 2496 205 197 239 213 200 202 217 229 
カーブ
275 325 1370 2944 527 202 186 1296 175 182 216 193 177 174 183 195 
LEFT:-1.24 RIGHT: 1.44
260 265 1185 2994 1274 211 187 1118 175 185 216 187 177 177 183 187 
カーブ
