BNO055 initialized.
248 219 217 219 184 182 209 3596 696 1575 1391 202 183 173 43699 61269 
236 217 220 221 177 181 207 3519 281 1090 1160 199 177 176 184 187 
241 220 222 220 177 181 206 3536 278 1088 1161 200 183 173 179 190 
238 220 222 216 179 184 209 3433 288 1098 1151 196 180 179 179 188 
244 221 216 218 184 182 202 3430 294 1096 1137 196 182 178 178 189 
235 216 219 219 184 183 202 3433 294 1095 1137 196 181 178 179 189 
LEFT:0.39 RIGHT: 0.17
240 224 222 216 180 187 207 3620 674 1823 1325 198 182 173 179 192 
LEFT:0.34 RIGHT: 0.22
242 220 216 219 184 196 242 3577 2021 1890 896 199 178 176 183 188 
LEFT:0.32 RIGHT: 0.24
367 249 239 244 194 214 341 3527 1283 729 723 193 180 178 185 188 
LEFT:0.25 RIGHT: 0.31
3352 3385 2816 2960 1855 1668 1350 3647 1472 2486 2978 2705 2111 1158 1648 1964 
LEFT:0.28 RIGHT: 0.28
235 219 230 250 211 243 1460 3354 1232 375 1088 227 212 207 211 234 
LEFT:0.31 RIGHT: 0.25
233 217 204 219 210 280 1435 3124 304 235 241 189 178 178 179 188 
LEFT:0.20 RIGHT: 0.36
239 216 223 256 239 579 1308 2544 236 209 223 187 177 176 181 186 
LEFT:0.24 RIGHT: 0.32
239 217 227 492 470 1347 1137 2080 218 195 217 191 179 177 179 186 
LEFT:0.20 RIGHT: 0.36
236 219 225 530 332 1285 752 1362 211 189 216 192 179 170 176 188 
LEFT:0.18 RIGHT: 0.38
241 220 229 1128 1132 1774 449 1428 207 191 212 188 179 171 176 187 
カーブ
231 217 234 1336 1523 1883 362 1575 200 191 216 186 176 175 178 177 
カーブ
234 216 217 231 232 559 1417 3458 306 223 222 188 178 175 182 183 
LEFT:0.30 RIGHT: 0.26
234 212 216 221 180 190 238 3711 1378 1522 900 198 176 174 182 189 
LEFT:0.39 RIGHT: 0.17
236 217 213 214 179 183 204 2112 1161 1828 1663 199 177 176 183 186 
LEFT:0.33 RIGHT: 0.23
239 216 216 220 183 186 207 2982 1424 2465 2064 212 179 172 178 190 
LEFT:0.33 RIGHT: 0.23
234 213 217 219 180 172 192 3072 305 1840 1792 206 181 177 176 188 
LEFT:0.35 RIGHT: 0.21
232 209 216 218 179 173 195 3050 385 2192 2143 212 180 171 176 187 
LEFT:0.34 RIGHT: 0.22
235 211 218 220 180 169 186 3200 237 1274 1963 211 180 176 176 186 
LEFT:0.34 RIGHT: 0.22
226 214 224 214 174 173 198 3491 680 2176 2047 209 181 178 183 187 
LEFT:0.34 RIGHT: 0.22
231 216 222 215 176 183 219 3655 1674 1997 1304 202 185 175 182 197 
LEFT:0.32 RIGHT: 0.24
232 217 224 217 179 196 272 3586 1835 1284 651 188 175 174 181 189 
LEFT:0.29 RIGHT: 0.27
231 218 223 217 192 220 1035 3558 1634 452 320 191 176 174 183 189 
LEFT:0.21 RIGHT: 0.35
233 211 218 225 208 243 1579 3552 1072 251 249 193 182 173 181 194 
LEFT:0.25 RIGHT: 0.31
236 215 225 240 222 335 1717 3296 2017 2241 3012 2610 2520 2287 2416 2354 
カーブ
263 231 238 283 260 1107 1781 2736 604 246 641 225 208 206 212 247 
LEFT:0.08 RIGHT: 0.48
243 225 243 1749 1856 1823 258 1073 196 190 222 189 178 179 188 199 
カーブ
228 211 254 2112 1928 1221 216 770 185 183 212 190 180 171 176 189 
カーブ
235 221 228 395 592 1620 1167 2497 220 200 224 193 176 174 182 191 
LEFT:0.29 RIGHT: 0.27
240 219 224 219 186 209 531 3602 1848 965 575 190 177 176 182 186 
LEFT:0.37 RIGHT: 0.19
236 211 217 220 181 185 229 3556 1896 1784 956 196 175 171 178 191 
LEFT:0.34 RIGHT: 0.22
229 213 223 220 177 193 262 3711 1780 1414 744 191 176 175 182 185 
LEFT:0.29 RIGHT: 0.27
237 219 217 219 186 205 366 3584 1810 953 572 192 178 175 176 187 
LEFT:0.31 RIGHT: 0.25
244 222 232 227 183 204 552 3647 1802 810 489 190 176 175 181 185 
LEFT:0.31 RIGHT: 0.25
243 220 236 244 191 212 809 3632 1718 643 405 194 175 172 179 191 
LEFT:0.21 RIGHT: 0.35
220 209 224 226 190 217 1112 3647 1689 500 308 194 178 170 176 187 
LEFT:0.25 RIGHT: 0.31
230 217 222 217 192 227 1577 3716 2058 805 343 188 176 174 181 186 
LEFT:0.30 RIGHT: 0.26
237 217 218 224 196 221 931 3596 1680 328 348 197 176 173 181 192 
LEFT:0.23 RIGHT: 0.33
223 210 222 225 201 225 418 3392 271 238 254 192 173 170 176 186 
LEFT:0.30 RIGHT: 0.26
238 213 218 233 230 463 1471 2688 308 228 230 187 177 176 179 186 
LEFT:0.21 RIGHT: 0.35
229 215 226 399 782 1616 1068 1375 211 198 220 191 174 171 178 188 
LEFT:0.20 RIGHT: 0.36
237 220 231 1118 690 1375 508 947 202 187 211 188 180 176 176 185 
LEFT:0.11 RIGHT: 0.45
244 231 308 2592 1968 432 203 985 182 182 213 191 179 170 176 187 
LEFT:0.12 RIGHT: 0.44
1064 1556 1504 2561 210 184 176 1001 172 183 214 185 175 174 181 191 
カーブ
3223 2896 1280 233 172 167 172 861 174 178 209 190 175 171 178 188 
カーブ
3348 3127 1273 245 179 172 169 1013 174 185 207 187 178 175 176 187 
カーブ
1471 1840 2602 1976 201 174 173 1005 176 179 209 189 180 176 177 186 
カーブ
238 226 260 2111 1666 901 217 1138 182 186 216 187 177 176 183 187 
カーブ
243 218 222 232 225 691 1715 3559 383 234 240 194 182 173 179 192 
LEFT:0.30 RIGHT: 0.26
239 217 222 222 177 174 198 2688 519 2198 1664 213 177 174 182 189 
LEFT:0.42 RIGHT: 0.14
230 218 226 213 176 174 197 2852 306 2208 1895 208 178 176 182 186 
LEFT:0.34 RIGHT: 0.22
232 219 220 213 177 179 203 3894 584 2024 1504 206 178 175 183 187 
LEFT:0.34 RIGHT: 0.22
237 215 220 222 179 186 225 3840 1984 1455 914 197 182 173 180 192 
LEFT:0.32 RIGHT: 0.24
232 218 224 223 202 243 992 1895 1488 387 281 189 178 175 181 193 
LEFT:0.20 RIGHT: 0.36
234 224 247 1566 1477 1408 320 1119 207 197 220 189 177 176 186 188 
カーブ
258 296 1006 2786 556 212 184 960 176 188 213 188 179 177 178 189 
LEFT:0.05 RIGHT: 0.51
251 238 464 2560 1664 288 199 1216 183 187 214 192 184 178 180 191 
LEFT:0.16 RIGHT: 0.40
251 255 1076 2818 1325 225 193 1055 177 187 218 189 179 178 179 188 
カーブ
240 232 544 2754 1643 253 198 994 177 186 214 189 179 177 178 187 
LEFT:0.15 RIGHT: 0.41
268 234 248 1744 1970 1951 244 1050 195 189 214 191 182 179 179 188 
カーブ
237 215 242 1418 815 1260 234 879 189 186 224 195 177 174 182 191 
カーブ
237 222 223 286 294 1081 784 2679 213 199 220 192 181 172 178 192 
LEFT:0.23 RIGHT: 0.33
237 217 214 219 192 214 507 3693 1136 431 359 189 179 176 177 188 
LEFT:0.34 RIGHT: 0.22
229 216 219 212 176 184 222 3592 1287 1752 1048 196 174 171 179 187 
LEFT:0.36 RIGHT: 0.20
236 213 213 216 179 179 212 3584 1504 1709 1101 197 180 171 177 189 
LEFT:0.33 RIGHT: 0.23
235 212 215 219 179 182 222 3704 1665 2222 1026 194 179 175 176 187 
LEFT:0.33 RIGHT: 0.23
234 211 213 218 182 184 217 3696 1056 1327 695 192 178 176 175 185 
LEFT:0.29 RIGHT: 0.27
235 219 220 218 180 192 240 3689 1741 1600 648 191 176 176 182 190 
LEFT:0.31 RIGHT: 0.25
236 219 213 218 185 191 238 3658 1115 944 522 194 175 172 180 190 
LEFT:0.31 RIGHT: 0.25
225 212 220 219 181 202 418 3469 1310 459 355 192 179 170 176 188 
LEFT:0.26 RIGHT: 0.30
238 215 215 222 200 227 1106 3416 1588 351 258 189 179 175 181 185 
LEFT:0.23 RIGHT: 0.33
3269 3174 2504 3200 2256 1920 1228 1144 690 250 256 191 176 173 181 191 
244 219 218 220 184 185 223 3648 1713 1953 1152 201 181 173 180 193 
LEFT:0.48 RIGHT: 0.08
241 220 216 217 187 206 498 3505 1695 622 489 196 179 172 178 190 
LEFT:0.25 RIGHT: 0.31
236 221 232 591 504 1673 1248 1359 224 200 222 192 182 177 178 189 
LEFT:0.17 RIGHT: 0.39
240 226 257 2370 1731 696 206 995 184 187 209 189 180 175 178 190 
LEFT:0.07 RIGHT: 0.49
243 241 1088 2735 1013 210 186 1023 172 182 216 193 182 174 179 192 
カーブ
243 273 1570 2841 241 186 173 676 174 183 211 188 178 175 178 177 
LEFT:-0.09 RIGHT: 0.65
243 218 256 2017 2084 887 205 1189 181 185 211 189 179 177 183 186 
カーブ
242 223 226 262 275 1370 1393 3252 235 209 224 193 177 173 181 192 
LEFT:0.26 RIGHT: 0.30
236 219 219 234 200 222 673 1284 2004 1928 2209 217 182 175 176 187 
LEFT:0.41 RIGHT: 0.15
250 232 516 2560 1770 1289 578 1080 247 212 228 192 179 176 182 185 
カーブ
3040 3207 2099 635 188 176 171 997 176 185 211 189 180 172 178 190 
カーブ
1992 2792 2133 1312 194 171 172 884 175 180 212 192 175 171 178 190 
カーブ
238 233 473 2448 1071 208 185 972 173 181 214 192 174 171 179 188 
LEFT:0.19 RIGHT: 0.37
234 218 229 547 631 1580 374 2552 196 188 218 193 175 172 180 189 
LEFT:0.24 RIGHT: 0.32
243 216 222 246 244 758 1363 3725 226 204 215 189 179 176 183 191 
LEFT:0.27 RIGHT: 0.29
246 219 220 234 219 257 1494 3624 312 235 240 189 177 176 183 186 
LEFT:0.24 RIGHT: 0.32
242 224 224 222 204 240 791 3122 1193 282 320 191 179 178 185 187 
LEFT:0.31 RIGHT: 0.25
243 221 220 222 185 196 236 2008 1487 1748 1272 209 181 176 184 192 
LEFT:0.36 RIGHT: 0.20
326 245 218 218 190 190 202 1914 363 1636 2416 338 207 191 189 199 
LEFT:0.35 RIGHT: 0.21
283 230 219 220 186 184 187 1613 236 1076 2849 1408 220 197 189 194 
カーブ
235 217 218 220 180 169 174 1136 196 245 2582 2402 629 232 207 195 
LEFT:0.40 RIGHT: 0.16
240 219 222 219 176 172 179 1071 188 235 2079 2405 1286 240 202 197 
カーブ
236 217 218 218 180 173 170 1074 176 197 1536 2464 1919 980 240 216 
カーブ
247 221 216 217 182 175 173 1046 190 217 2293 2358 662 221 191 193 
LEFT:0.35 RIGHT: 0.21
255 221 219 221 181 171 174 1160 188 226 2312 1903 260 203 191 189 
LEFT:0.38 RIGHT: 0.18
307 244 228 226 183 178 181 1700 188 218 2136 2367 506 223 197 199 
LEFT:0.38 RIGHT: 0.18
217 209 214 215 176 172 177 1168 182 218 2304 2463 332 206 192 191 
LEFT:0.38 RIGHT: 0.18
225 215 217 216 180 175 177 1152 178 204 1791 2320 1369 257 202 194 
カーブ
255 223 219 218 183 175 178 1135 174 189 354 1148 1970 1481 511 242 
カーブ
228 214 221 220 175 169 174 1060 174 188 1188 2304 1818 269 210 197 
カーブ
236 220 224 214 177 175 179 1160 190 234 2671 1888 210 188 184 188 
LEFT:0.37 RIGHT: 0.19
236 222 222 214 178 184 213 3286 859 1535 892 198 183 173 178 190 
LEFT:0.29 RIGHT: 0.27
244 219 220 227 203 241 1256 3687 777 244 256 195 177 175 184 189 
LEFT:0.17 RIGHT: 0.39
242 223 216 222 208 239 1114 3661 916 262 256 189 179 176 182 186 
LEFT:0.26 RIGHT: 0.30
233 215 217 221 181 179 207 3818 960 1672 1555 204 181 176 178 189 
LEFT:0.38 RIGHT: 0.18
233 216 240 907 258 981 1718 1061 1607 1856 2096 225 183 177 179 185 
LEFT:0.20 RIGHT: 0.36
3136 2896 1533 566 189 173 170 818 174 184 214 185 176 174 175 185 
カーブ
236 219 221 211 174 172 176 940 172 184 215 186 178 177 179 188 
3216 3120 1679 242 183 176 172 978 176 188 214 190 181 179 179 190 
カーブ
3224 2008 355 222 178 173 170 883 173 184 223 196 178 176 184 191 
LEFT:-0.01 RIGHT: 0.57
3302 2736 823 240 179 169 173 872 172 181 215 194 179 172 180 192 
カーブ
2792 3196 1908 279 179 174 176 923 173 185 213 188 179 177 176 182 
カーブ
900 1546 2275 2240 204 174 172 790 175 180 212 189 178 177 179 186 
カーブ
240 219 289 2177 1868 415 206 1976 183 182 214 189 179 176 181 184 
LEFT:0.23 RIGHT: 0.33
234 219 231 289 298 1088 1424 3647 252 225 239 189 176 175 180 184 
LEFT:0.28 RIGHT: 0.28
242 222 219 224 195 214 301 2640 1634 1999 932 199 182 175 177 188 
LEFT:0.41 RIGHT: 0.15
240 219 218 218 179 180 203 1305 696 2324 2472 241 187 173 178 190 
LEFT:0.35 RIGHT: 0.21
243 224 219 217 180 176 183 1158 216 1292 2919 1130 202 185 184 187 
カーブ
239 217 224 224 177 172 177 1071 186 233 2560 2267 243 198 186 187 
LEFT:0.40 RIGHT: 0.16
233 220 224 217 177 174 180 1206 198 308 2849 1260 198 182 183 189 
LEFT:0.38 RIGHT: 0.18
236 218 219 219 179 175 175 1066 203 703 2752 914 199 176 178 189 
LEFT:0.38 RIGHT: 0.18
232 217 214 214 173 172 170 3617 199 1270 2864 327 189 176 179 184 
LEFT:0.31 RIGHT: 0.25
2063 1982 1294 2168 253 228 248 3104 991 1946 2432 242 182 174 180 190 
LEFT:0.04 RIGHT: 0.52
1572 1128 1276 1007 212 219 229 3382 931 2345 2064 215 178 173 180 191 
240 221 220 232 222 303 1680 2929 361 224 233 192 179 177 183 192 
LEFT:0.29 RIGHT: 0.27
238 221 226 267 269 868 1183 1960 231 208 216 189 179 178 183 185 
LEFT:0.20 RIGHT: 0.36
240 223 227 1077 1360 1568 373 1220 201 191 218 193 180 178 179 186 
カーブ
231 218 240 1583 1715 1601 247 960 195 184 215 192 179 171 178 190 
カーブ
241 220 226 246 235 535 1186 3440 243 215 230 195 177 174 182 191 
LEFT:0.30 RIGHT: 0.26
236 220 222 222 179 187 228 3519 1335 1926 1007 199 177 176 184 191 
LEFT:0.39 RIGHT: 0.17
234 218 222 215 176 176 200 2687 761 1856 1931 212 178 174 182 192 
LEFT:0.35 RIGHT: 0.21
225 212 218 220 177 174 198 2519 636 2178 2048 209 177 174 183 187 
LEFT:0.34 RIGHT: 0.22
236 220 219 220 182 179 197 3056 658 1799 1989 208 182 177 184 194 
LEFT:0.34 RIGHT: 0.22
242 221 217 219 183 179 192 3160 272 1855 2146 219 187 175 180 193 
LEFT:0.34 RIGHT: 0.22
243 224 222 217 181 182 197 3508 624 1971 1791 208 182 180 183 190 
LEFT:0.34 RIGHT: 0.22
244 222 219 220 183 188 213 3510 1096 1727 1351 199 182 179 178 190 
LEFT:0.32 RIGHT: 0.24
245 217 221 224 190 208 308 3640 1177 976 859 200 179 175 182 195 
LEFT:0.33 RIGHT: 0.23
249 224 223 229 209 256 1425 3285 840 275 281 196 185 180 181 192 
LEFT:0.20 RIGHT: 0.36
243 226 234 257 232 1152 1452 2416 244 219 233 191 179 178 186 188 
LEFT:0.19 RIGHT: 0.37
215 213 225 348 503 1618 584 1449 212 195 225 194 181 175 177 188 
LEFT:0.18 RIGHT: 0.38
239 230 223 960 747 1424 463 3585 205 196 230 191 178 177 184 189 
LEFT:0.12 RIGHT: 0.44
2985 3052 2303 2824 1864 1556 1387 1496 1557 1726 3088 2387 2149 1568 2146 2815 
LEFT:0.37 RIGHT: 0.19
234 221 255 1591 1393 1325 236 1079 189 188 223 194 183 175 179 192 
カーブ
236 218 270 2384 1311 392 214 944 181 186 226 196 177 175 182 194 
LEFT:0.12 RIGHT: 0.44
235 222 239 812 750 1760 455 2354 205 195 220 193 183 178 179 192 
LEFT:0.17 RIGHT: 0.39
239 220 233 254 240 892 1354 3552 241 218 231 191 179 178 183 194 
LEFT:0.26 RIGHT: 0.30
236 218 228 231 200 235 930 3543 1162 451 321 200 179 175 182 193 
LEFT:0.28 RIGHT: 0.28
831 292 240 244 223 255 894 3839 1808 759 878 215 200 191 201 214 
LEFT:0.40 RIGHT: 0.60
1863 1217 336 273 217 220 240 2910 317 832 2120 867 246 227 231 237 
LEFT:0.23 RIGHT: 0.33
1316 510 255 260 301 1031 1691 3608 1744 758 1099 223 210 212 226 228 
LEFT:0.20 RIGHT: 0.36
240 223 229 535 656 1248 1100 2556 221 200 226 197 182 179 186 190 
LEFT:0.22 RIGHT: 0.34
239 218 227 297 213 231 1305 3903 2234 1819 1709 378 240 223 300 1112 
LEFT:0.46 RIGHT: 0.10
1537 1308 1267 760 222 221 234 3600 293 1216 1048 204 182 177 184 195 
LEFT:0.01 RIGHT: 0.55
232 217 228 230 192 205 465 3568 1119 872 655 194 179 177 183 194 
LEFT:0.42 RIGHT: 0.14
235 222 223 222 184 193 227 3629 1517 1536 1050 199 179 176 184 195 
LEFT:0.34 RIGHT: 0.22
1031 382 248 242 216 252 648 3839 1854 1200 1203 224 198 198 211 220 
LEFT:0.39 RIGHT: 0.61
2317 1856 1224 1257 1200 1663 1656 2688 1666 1347 1935 492 293 310 772 764 
カーブ
1976 1404 614 701 789 1343 1512 3104 1716 1135 1506 261 239 234 274 289 
