245 216 217 224 191 204 648 3712 2047 1440 812 196 182 173 43700 61013 
246 217 217 223 191 204 646 3712 2047 1438 811 197 177 174 182 193 
241 222 223 218 187 210 635 3691 2048 1478 794 193 181 180 178 189 
238 219 222 223 185 207 642 3711 2025 1456 804 191 178 177 184 188 
239 220 222 217 185 209 647 3693 2028 1456 811 191 178 178 182 188 
237 218 220 225 185 205 652 3752 2023 1446 814 197 176 175 184 189 
LEFT:0.20 RIGHT: -0.00
241 217 221 224 184 205 649 3710 2056 1472 796 192 181 177 178 189 
LEFT:0.13 RIGHT: 0.07
245 217 218 224 191 204 640 3712 2047 1438 811 197 183 174 181 192 
LEFT:0.18 RIGHT: 0.02
243 217 220 226 185 204 610 3646 1945 1084 686 197 177 176 184 187 
LEFT:0.13 RIGHT: 0.07
246 223 216 220 189 203 284 3584 1624 929 624 195 184 173 179 192 
LEFT:0.14 RIGHT: 0.06
248 223 217 221 188 203 287 3568 1632 929 621 196 182 174 181 194 
LEFT:0.14 RIGHT: 0.06
245 223 216 220 188 206 283 3557 1624 960 620 191 178 178 182 188 
LEFT:0.14 RIGHT: 0.06
245 218 220 224 183 203 293 3647 1594 945 640 198 182 173 180 192 
LEFT:0.14 RIGHT: 0.06
245 217 217 224 192 201 288 3584 1631 932 632 197 183 173 180 194 
LEFT:0.14 RIGHT: 0.06
239 218 222 225 183 203 294 3647 1596 946 630 196 178 176 184 187 
LEFT:0.14 RIGHT: 0.06
240 221 222 217 185 206 291 3561 1608 944 615 192 180 179 179 189 
LEFT:0.14 RIGHT: 0.06
246 217 219 224 187 201 294 3648 1593 940 632 198 177 176 184 187 
LEFT:0.14 RIGHT: 0.06
239 218 222 223 183 203 296 3647 1602 943 616 191 178 177 183 188 
LEFT:0.14 RIGHT: 0.06
241 222 224 217 185 206 293 3557 1610 946 619 192 180 178 179 189 
LEFT:0.14 RIGHT: 0.06
247 221 217 222 189 201 288 3584 1641 932 630 196 178 174 182 194 
LEFT:0.14 RIGHT: 0.06
246 222 217 220 188 209 283 3558 1618 953 609 192 181 180 178 190 
LEFT:0.14 RIGHT: 0.06
239 218 222 223 184 203 296 3647 1596 944 620 191 178 177 184 188 
LEFT:0.14 RIGHT: 0.06
248 219 218 224 190 201 292 3584 1599 934 633 197 177 174 183 193 
LEFT:0.14 RIGHT: 0.06
242 224 223 218 186 207 284 3558 1616 944 611 192 181 179 179 190 
LEFT:0.14 RIGHT: 0.06
244 222 223 223 184 204 288 3570 1603 948 616 192 179 177 184 187 
LEFT:0.14 RIGHT: 0.06
239 218 221 224 184 201 296 3624 1596 940 626 197 177 176 184 189 
LEFT:0.14 RIGHT: 0.06
244 224 216 220 188 206 272 3584 1548 959 625 194 182 173 179 191 
LEFT:0.14 RIGHT: 0.06
247 219 218 223 189 200 283 3588 1583 942 638 198 179 174 182 193 
LEFT:0.14 RIGHT: 0.06
248 219 217 224 188 201 284 3586 1583 940 634 197 177 174 183 195 
LEFT:0.14 RIGHT: 0.06
248 221 217 223 189 200 283 3584 1599 938 636 198 181 174 181 194 
LEFT:0.14 RIGHT: 0.06
246 217 218 224 189 201 284 3586 1599 936 640 198 181 174 182 193 
LEFT:0.14 RIGHT: 0.06
244 220 222 223 189 207 278 3568 1584 943 624 195 182 173 180 193 
LEFT:0.14 RIGHT: 0.06
247 225 216 220 188 209 278 3584 1586 943 624 194 183 175 180 192 
LEFT:0.14 RIGHT: 0.06
239 219 221 224 184 203 289 3679 1569 945 624 193 178 176 184 188 
LEFT:0.14 RIGHT: 0.06
240 221 223 224 184 203 286 3583 1569 950 624 193 178 176 185 188 
LEFT:0.14 RIGHT: 0.06
247 217 218 224 190 203 282 3584 1609 935 634 197 181 174 182 193 
LEFT:0.14 RIGHT: 0.06
241 223 222 219 185 205 286 3567 1572 952 618 191 178 178 183 188 
LEFT:0.14 RIGHT: 0.06
246 217 218 224 189 200 285 3592 1591 938 634 197 177 174 182 193 
LEFT:0.14 RIGHT: 0.06
248 223 217 222 190 205 282 3584 1598 934 634 196 184 174 181 193 
LEFT:0.14 RIGHT: 0.06
245 218 220 226 187 202 288 3607 1563 941 634 198 177 175 183 195 
LEFT:0.14 RIGHT: 0.06
240 221 224 217 185 206 285 3570 1578 947 615 192 180 179 180 189 
LEFT:0.14 RIGHT: 0.06
240 222 224 217 185 206 285 3570 1584 948 612 192 181 179 179 190 
LEFT:0.14 RIGHT: 0.06
241 223 223 218 186 207 279 3568 1586 943 613 192 181 180 178 190 
LEFT:0.14 RIGHT: 0.06
239 220 223 223 184 202 286 3583 1568 950 648 196 182 178 179 191 
LEFT:0.14 RIGHT: 0.06
241 218 221 226 185 202 288 3671 1566 949 632 197 178 176 184 187 
LEFT:0.14 RIGHT: 0.06
246 217 218 224 190 201 284 3586 1599 934 638 198 183 174 182 194 
LEFT:0.14 RIGHT: 0.06
244 224 217 220 188 206 278 3568 1590 952 617 193 182 175 179 190 
LEFT:0.14 RIGHT: 0.06
239 219 221 226 185 202 288 3663 1569 945 634 198 177 176 184 189 
LEFT:0.14 RIGHT: 0.06
245 218 221 226 185 202 289 3647 1566 944 641 196 184 175 180 192 
LEFT:0.14 RIGHT: 0.06
247 224 216 219 187 204 290 3648 1561 948 640 198 177 176 184 189 
LEFT:0.14 RIGHT: 0.06
244 224 219 220 188 207 265 3622 1474 943 636 194 184 175 180 192 
LEFT:0.14 RIGHT: 0.06
247 221 218 222 190 205 280 3600 1566 921 637 196 184 174 180 193 
LEFT:0.14 RIGHT: 0.06
246 218 220 226 189 201 279 3648 1535 940 642 198 177 175 184 191 
LEFT:0.14 RIGHT: 0.06
248 224 217 221 189 203 298 3562 1696 925 620 195 184 174 180 192 
LEFT:0.14 RIGHT: 0.06
241 218 221 226 183 200 264 3631 1434 1000 665 197 184 174 180 193 
LEFT:0.14 RIGHT: 0.06
243 225 223 218 187 206 272 3584 1576 955 617 194 182 179 179 190 
LEFT:0.14 RIGHT: 0.06
244 225 222 219 187 206 264 3597 1496 975 635 194 182 175 180 192 
LEFT:0.14 RIGHT: 0.06
