BNO055 initialized.
244 214 216 221 188 200 306 3652 1307 1049 692 196 179 172 43700 62037 
241 224 215 216 186 207 301 3634 1331 1071 680 192 180 174 178 190 
237 218 220 217 183 203 304 3641 1324 1072 692 189 177 176 183 186 
245 214 216 223 190 199 309 3652 1327 1058 699 196 176 173 180 192 
242 213 216 222 190 199 310 3656 1319 1058 700 196 176 173 182 191 
238 219 221 215 184 204 308 3648 1349 1100 695 190 177 176 183 186 
LEFT:0.16 RIGHT: 0.04
237 218 221 217 184 204 319 3645 1408 1160 703 191 178 177 177 188 
LEFT:0.14 RIGHT: 0.06
235 215 219 224 183 200 313 3716 1330 1089 715 198 176 173 182 190 
LEFT:0.14 RIGHT: 0.06
239 215 218 224 183 200 318 3712 1335 1090 712 196 176 173 182 191 
LEFT:0.14 RIGHT: 0.06
238 220 221 216 184 205 311 3638 1354 1097 695 190 178 177 178 187 
LEFT:0.14 RIGHT: 0.06
245 221 214 219 188 201 308 3649 1364 1082 705 194 182 172 179 192 
LEFT:0.14 RIGHT: 0.06
244 221 215 220 189 203 706 3680 2153 1386 778 195 179 172 180 192 
LEFT:0.14 RIGHT: 0.06
242 214 216 221 190 203 612 3696 2016 1428 784 194 181 172 179 192 
LEFT:0.14 RIGHT: 0.06
244 222 214 218 188 211 624 3689 1992 1463 761 191 178 176 183 192 
LEFT:0.14 RIGHT: 0.06
238 220 224 216 185 208 624 3689 1957 1442 784 190 177 176 183 187 
LEFT:0.14 RIGHT: 0.06
242 215 216 222 190 203 576 3712 1903 1415 792 195 177 173 181 192 
LEFT:0.14 RIGHT: 0.06
244 221 215 219 188 205 553 3686 1887 1405 785 195 181 172 180 193 
LEFT:0.14 RIGHT: 0.06
237 219 221 216 184 207 559 3684 1862 1432 783 190 178 177 182 187 
LEFT:0.14 RIGHT: 0.06
243 216 218 222 184 204 560 3807 1841 1424 784 191 176 175 183 186 
LEFT:0.14 RIGHT: 0.06
237 215 219 222 183 204 565 3808 1842 1422 789 195 176 174 183 188 
LEFT:0.14 RIGHT: 0.06
239 222 221 216 184 206 568 3724 1887 1413 789 196 179 173 180 192 
LEFT:0.14 RIGHT: 0.06
239 221 221 217 185 209 559 3685 1860 1432 771 191 179 178 177 188 
LEFT:0.14 RIGHT: 0.06
237 218 221 217 185 208 559 3692 1852 1434 783 191 179 178 177 188 
LEFT:0.14 RIGHT: 0.06
239 220 223 216 185 208 559 3686 1858 1432 767 191 179 178 178 188 
LEFT:0.14 RIGHT: 0.06
238 220 224 216 185 208 559 3682 1858 1432 767 192 179 177 178 188 
LEFT:0.14 RIGHT: 0.06
239 216 219 224 183 204 561 3775 1844 1426 793 191 177 176 184 186 
LEFT:0.14 RIGHT: 0.06
236 216 219 224 183 203 564 3776 1843 1421 796 197 176 173 182 191 
LEFT:0.14 RIGHT: 0.06
238 220 222 216 186 208 557 3682 1856 1432 767 192 179 177 178 188 
LEFT:0.14 RIGHT: 0.06
236 218 221 219 184 206 555 3711 1846 1427 788 191 176 175 184 189 
LEFT:0.14 RIGHT: 0.06
238 219 221 216 185 207 550 3690 1849 1428 787 191 177 178 182 187 
LEFT:0.14 RIGHT: 0.06
238 219 220 216 185 208 554 3690 1849 1428 767 191 178 177 183 187 
LEFT:0.14 RIGHT: 0.06
242 224 217 217 187 210 547 3686 1859 1447 776 192 181 177 178 189 
LEFT:0.14 RIGHT: 0.06
244 222 215 218 187 209 548 3682 1864 1448 776 192 181 178 178 189 
LEFT:0.14 RIGHT: 0.06
236 217 221 223 184 206 556 3711 1842 1427 788 191 177 176 184 186 
LEFT:0.14 RIGHT: 0.06
240 221 221 216 186 208 550 3690 1856 1439 774 192 180 179 178 188 
LEFT:0.14 RIGHT: 0.06
243 216 218 224 185 204 560 3775 1837 1420 802 198 176 174 182 191 
LEFT:0.18 RIGHT: 0.02
241 222 217 218 187 208 546 3689 1860 1442 776 192 180 178 178 189 
LEFT:0.13 RIGHT: 0.07
245 215 217 224 191 202 560 3712 1855 1418 800 196 176 174 182 191 
LEFT:0.18 RIGHT: 0.02
243 216 217 224 187 204 633 3728 1963 1432 796 196 176 173 181 193 
LEFT:0.13 RIGHT: 0.07
244 215 217 224 189 203 627 3712 1999 1427 797 196 178 173 180 192 
LEFT:0.14 RIGHT: 0.06
244 214 217 223 189 203 608 3712 1967 1425 797 196 179 173 180 193 
LEFT:0.14 RIGHT: 0.06
237 218 222 221 184 208 612 3684 1942 1440 783 190 179 178 179 188 
LEFT:0.14 RIGHT: 0.06
240 222 219 218 186 210 591 3690 1928 1444 779 192 180 178 178 188 
LEFT:0.14 RIGHT: 0.06
240 222 222 217 186 210 599 3686 1928 1448 791 190 179 177 178 188 
LEFT:0.14 RIGHT: 0.06
237 218 224 223 184 206 524 3685 1794 1418 787 190 178 177 182 188 
LEFT:0.14 RIGHT: 0.06
